192 Fitness list for ligand file lig192.mol2, molecule 1
192
192 Mol No     Fitness  S(hb_ext) S(vdw_ext)  S(hb_int)    S(int)      intcor     time
192
192  10        53.88       0.66      41.30       0.00      -3.57      -2.23   28.100
192   7        53.86       1.06      40.87       0.00      -3.39      -2.23   25.102
192   5        51.79       0.81      39.96       0.00      -3.97      -2.23   27.914
192   3        50.91       0.05      42.33       0.00      -7.34      -2.23   28.609
192   9        50.36       0.69      39.62       0.00      -4.81      -2.23   28.018
192   1        49.83       1.15      39.86       0.00      -6.13      -2.23   20.437
192   8        49.35       6.44      36.12       0.00      -6.76      -2.23   29.691
192   6        49.05       0.40      42.22       0.00      -9.40      -2.23   28.752
192   2        46.15       3.85      35.44       0.00      -6.42      -2.23   27.859
192   4        45.92       5.03      34.55       0.00      -6.61      -2.23   29.036
192
192
192 Average Values:
192
192            50.11       2.01      39.23       0.00      -5.84      -2.23   27.352
