3 Fitness list for ligand file lig3.mol2, molecule 1
3
3 Mol No     Fitness  S(hb_ext) S(vdw_ext)  S(hb_int)    S(int)      intcor     time
3
3   4        57.77       1.48      42.42       0.00      -2.05      -0.61   13.526
3   5        57.47       6.34      40.32       0.00      -4.32      -0.61   13.305
3   7        57.16       6.95      39.87       0.00      -4.62      -0.61   13.467
3   6        56.33       1.07      42.17       0.00      -2.72      -0.61   13.358
3  10        55.55       5.99      39.41       0.00      -4.63      -0.61   14.040
3   9        54.93       0.37      41.33       0.00      -2.27      -0.61   13.823
3   3        54.19       1.53      41.17       0.00      -3.95      -0.61   14.087
3   2        46.45       2.66      36.26       0.00      -6.07      -0.61   13.924
3   8        45.38       2.52      36.56       0.00      -7.40      -0.61   13.115
3   1        44.83       2.01      35.81       0.00      -6.42      -0.61   29.062
3
3
3 Average Values:
3
3            53.01       3.09      39.53       0.00      -4.44      -0.61   15.171
